Dagda Fruit Blend,Cinnamon Blend,Lavender Blend
